0 0.0988075 0.0511408 0.112436 0.0354052
0 0.425894 0.369591 0.0851789 0.0295043
0 0.191652 0.650865 0.0562181 0.0287175
0 0.0587734 0.479347 0.0732538 0.0389457
0 0.168654 0.555468 0.044293 0.0369788
0 0.449744 0.276554 0.0408859 0.0283242
0 0.060477 0.0863493 0.076661 0.0444532
0 0.462521 0.328482 0.0494037 0.0291109
0 0.493186 0.127262 0.0357751 0.0326515
0 0.249574 0.760228 0.0528109 0.0350118
0 0.187394 0.384736 0.0545145 0.0322581
0 0.494889 0.160897 0.0459966 0.0298977
0 0.408007 0.324744 0.0528109 0.0295043
0 0.515332 0.360936 0.0459966 0.0350118
0 0.422487 0.278718 0.044293 0.0326515
0 0.446337 0.182337 0.044293 0.0302911
0 0.179727 0.626082 0.0562181 0.0397325
0 0.248722 0.20712 0.044293 0.0287175
0 0.36201 0.167388 0.0425894 0.0287175
0 0.211244 0.298977 0.0579216 0.036192
0 0.360307 0.365657 0.0425894 0.0326515
0 0.467632 0.38513 0.0596252 0.0330448
0 0.241908 0.605035 0.0477002 0.0346184
0 0.536627 0.0800551 0.0408859 0.0295043
0 0.755537 0.16188 0.0562181 0.0318647
0 0.663543 0.217742 0.0562181 0.034225
0 0.170358 0.579662 0.0579216 0.0310779
0 0.333901 0.236035 0.0408859 0.0338316
0 0.339864 0.379032 0.0425894 0.0310779
0 0.186542 0.43214 0.0425894 0.0373721
0 0.206985 0.475806 0.0425894 0.034225
0 0.432709 0.297207 0.0613288 0.0326515
0 0.502555 0.299764 0.0749574 0.025177
0 0.245315 0.234854 0.044293 0.036192
0 0.4523 0.462825 0.0834753 0.0326515
0 0.459114 0.403423 0.0562181 0.0350118
0 0.559625 0.337333 0.0596252 0.0287175
0 0.367973 0.192565 0.0545145 0.0334382
0 0.373083 0.507868 0.044293 0.0298977
0 0.165247 0.350708 0.044293 0.0350118
0 0.187394 0.396735 0.0647359 0.0428796
0 0.258944 0.391621 0.044293 0.0350118
0 0.482964 0.587529 0.0528109 0.0350118
0 0.172913 0.483281 0.0528109 0.0381589
0 0.5 0.403423 0.0562181 0.0365854
0 0.5954 0.251377 0.0630324 0.0354052
0 0.213799 0.573761 0.0391823 0.0365854
0 0.373935 0.482494 0.0459966 0.0310779
0 0.245315 0.266129 0.0545145 0.0326515
0 0.447189 0.227577 0.0562181 0.0350118
0 0.207836 0.676633 0.0579216 0.0354052
0 0.414821 0.427026 0.0459966 0.0350118
0 0.320273 0.399292 0.0408859 0.0330448
0 0.251278 0.447679 0.0528109 0.0354052
0 0.356048 0.694925 0.044293 0.0357986
0 0.719761 0.472659 0.0834753 0.0279308
0 0.363714 0.314123 0.0459966 0.0373721
0 0.494037 0.560976 0.044293 0.036192
0 0.255537 0.177616 0.044293 0.0318647
0 0.403748 0.676042 0.0613288 0.0381589
0 0.532368 0.199253 0.0494037 0.0350118
0 0.18569 0.2976 0.0545145 0.0350118
0 0.24276 0.36133 0.0494037 0.034225
0 0.369676 0.588316 0.0477002 0.034225
0 0.199319 0.529701 0.0477002 0.0334382
0 0.681431 0.496853 0.0817717 0.0291109
0 0.4046 0.646145 0.0630324 0.0350118
0 0.326235 0.206727 0.0459966 0.0334382
0 0.551107 0.27203 0.0459966 0.0357986
0 0.345826 0.657553 0.0511073 0.0405193
0 0.450596 0.436271 0.0596252 0.0322581
0 0.329642 0.264949 0.0391823 0.034225
0 0.236797 0.427813 0.0579216 0.0381589
0 0.190801 0.324351 0.0477002 0.0373721
0 0.265758 0.575728 0.0477002 0.0373721
0 0.477002 0.0883163 0.0511073 0.0357986
0 0.325383 0.514359 0.0477002 0.0365854
0 0.244463 0.152636 0.0494037 0.0330448
0 0.429302 0.106609 0.0511073 0.036192
0 0.431005 0.497246 0.0579216 0.0354052
0 0.465928 0.150275 0.0494037 0.0322581
0 0.637138 0.249017 0.0715503 0.0338316
0 0.468484 0.197286 0.0681431 0.0310779
0 0.408007 0.141424 0.0494037 0.0350118
0 0.549404 0.382376 0.0800681 0.0306845
0 0.532368 0.583202 0.076661 0.0326515
0 0.386712 0.722659 0.0715503 0.0416995
0 0.436116 0.619001 0.0477002 0.0413061
0 0.259796 0.318843 0.0494037 0.0357986
0 0.840716 0.123721 0.0630324 0.0334382
0 0.465928 0.0668765 0.0630324 0.0330448
0 0.46678 0.0428796 0.0579216 0.0346184
0 0.350085 0.134736 0.0425894 0.0357986
0 0.528109 0.313336 0.0851789 0.0318647
0 0.190801 0.257474 0.044293 0.034225
0 0.510221 0.426239 0.0732538 0.034225
0 0.563884 0.0420928 0.0681431 0.0314713
0 0.13799 0.533635 0.0477002 0.0389457
0 0.368825 0.458497 0.0494037 0.0389457
0 0.218058 0.705547 0.0647359 0.0373721
0 0.530664 0.125098 0.0664395 0.0369788
0 0.377342 0.556648 0.0732538 0.0393391
0 0.570698 0.353659 0.0749574 0.0338316
0 0.724872 0.191975 0.076661 0.0338316
0 0.631175 0.519473 0.0664395 0.0350118
0 0.591993 0.553108 0.0868824 0.036192
0 0.511073 0.615657 0.0817717 0.0393391
