0 0.178229 0.58084 0.0124083 0.0320033
0 0.451213 0.144846 0.0248167 0.0187032
0 0.378737 0.190773 0.0242527 0.0257689
0 0.536097 0.138196 0.0332769 0.0195345
0 0.217146 0.497922 0.0157924 0.0257689
0 0.325437 0.571904 0.0327129 0.0266002
0 0.288494 0.266625 0.0174845 0.0253533
0 0.208968 0.518288 0.0174845 0.0282627
0 0.142696 0.558188 0.0169205 0.0299252
0 0.117597 0.562136 0.0141004 0.0295096
0 0.184715 0.549252 0.0163565 0.0311721
0 0.179075 0.627805 0.0152284 0.0328346
0 0.228144 0.679967 0.0265087 0.0274314
0 0.253525 0.448462 0.0186125 0.0257689
0 0.308517 0.378637 0.0248167 0.032419
0 0.633108 0.12739 0.0434292 0.0103907
0 0.574168 0.127182 0.0394811 0.0199501
0 0.155386 0.572943 0.0152284 0.0320033
0 0.164693 0.741064 0.0203046 0.0290939
0 0.13198 0.647548 0.0191765 0.0249377
0 0.289622 0.33749 0.0253807 0.0224439
0 0.127468 0.583541 0.0146644 0.0307564
0 0.201636 0.503325 0.0186125 0.0257689
0 0.135082 0.536367 0.0174845 0.0295096
0 0.433164 0.193059 0.0338409 0.0228595
0 0.679357 0.110557 0.0434292 0.0124688
0 0.9326 0.0922693 0.0479413 0.0133001
0 0.288776 0.288446 0.0180485 0.0299252
0 0.224478 0.41729 0.0169205 0.0282627
0 0.2163 0.390274 0.0174845 0.0282627
0 0.284264 0.612219 0.0259447 0.0232751
0 0.167231 0.558188 0.0152284 0.0340815
0 0.172589 0.7633 0.0203046 0.0311721
0 0.211506 0.406692 0.0169205 0.0303408
0 0.267343 0.310266 0.0157924 0.0295096
0 0.203046 0.422693 0.0180485 0.0282627
0 0.42414 0.252702 0.0293288 0.0249377
0 0.176537 0.720283 0.0191765 0.035744
0 0.307671 0.261638 0.0186125 0.0303408
0 0.327693 0.238155 0.0203046 0.0299252
0 0.582628 0.13217 0.0462493 0.0166251
0 0.175409 0.658146 0.0157924 0.0336658
0 0.140158 0.670615 0.0231246 0.0303408
0 0.150592 0.487531 0.0180485 0.0349127
0 0.298928 0.243766 0.0180485 0.0328346
0 0.165821 0.592269 0.0203046 0.0290939
0 0.131134 0.631338 0.0174845 0.0266002
0 0.461083 0.166043 0.0298928 0.0261845
0 0.415116 0.163549 0.0236887 0.0353283
0 0.258883 0.335619 0.0146644 0.0311721
0 0.274676 0.287406 0.0146644 0.0311721
0 0.192329 0.525769 0.0191765 0.0315877
0 0.450649 0.225686 0.0327129 0.0307564
0 0.608009 0.11596 0.037225 0.0174564
0 0.267625 0.632793 0.0287648 0.0286783
0 0.201636 0.480466 0.0186125 0.0266002
0 0.667513 0.122402 0.0468133 0.0112219
0 0.765933 0.0997506 0.0507614 0.0133001
0 0.34264 0.550291 0.0310209 0.0266002
0 0.214326 0.234206 0.0180485 0.0320033
0 0.314157 0.230673 0.0214326 0.0349127
0 0.504512 0.0708645 0.0276368 0.0303408
0 0.395657 0.182461 0.0242527 0.0315877
0 0.144106 0.621987 0.0197406 0.0311721
0 0.359278 0.256234 0.0293288 0.024522
0 0.70925 0.083749 0.0445572 0.0153782
0 0.215172 0.26517 0.0208686 0.032419
0 0.893683 0.0941397 0.0468133 0.014547
0 0.210378 0.329177 0.0203046 0.0349127
0 0.807953 0.0972569 0.0468133 0.0149626
0 0.0423012 0.374896 0.0259447 0.0307564
0 0.105471 0.545511 0.0214326 0.0328346
0 0.850818 0.0953865 0.0468133 0.0128845
0 0.525945 0.0500831 0.0310209 0.0228595
0 0.483644 0.0573566 0.0253807 0.0332502
0 0.452623 0.121987 0.0321489 0.0295096
0 0.287084 0.402743 0.0191765 0.0290939
0 0.387197 0.15586 0.0219966 0.0315877
0 0.21912 0.183915 0.0219966 0.0328346
0 0.748731 0.0735661 0.0445572 0.0174564
0 0.402143 0.509767 0.0338409 0.0253533
0 0.211224 0.208437 0.0197406 0.0311721
0 0.43401 0.154198 0.0231246 0.0307564
0 0.148054 0.306733 0.0197406 0.0332502
0 0.472081 0.125935 0.0394811 0.0207814
0 0.613931 0.101205 0.0400451 0.021197
0 0.363226 0.1835 0.0259447 0.0353283
0 0.307107 0.313175 0.0276368 0.0311721
0 0.498026 0.429759 0.036097 0.0216126
0 0.523125 0.406068 0.0377891 0.0257689
0 0.383813 0.209684 0.0310209 0.0286783
0 0.123519 0.606193 0.0248167 0.0295096
0 0.466723 0.45345 0.0321489 0.0266002
0 0.372532 0.532835 0.0321489 0.0290939
0 0.43824 0.482128 0.034969 0.0257689
0 0.147772 0.381546 0.0191765 0.0349127
0 0.275522 0.360765 0.0265087 0.0274314
0 0.368584 0.315254 0.0298928 0.027847
0 0.338973 0.2101 0.0248167 0.0320033
0 0.458263 0.0762677 0.0253807 0.0295096
0 0.225606 0.36783 0.0203046 0.0290939
0 0.670051 0.097049 0.0485054 0.014547
0 0.139594 0.514339 0.0208686 0.0344971
0 0.236605 0.445345 0.0231246 0.0295096
0 0.205866 0.447631 0.0214326 0.0299252
0 0.22335 0.345802 0.0225606 0.0290939
0 0.149464 0.418745 0.0169205 0.0344971
0 0.492668 0.14921 0.0332769 0.0274314
0 0.267908 0.423525 0.0169205 0.0299252
0 0.14467 0.346426 0.0174845 0.0344971
0 0.215454 0.296135 0.0203046 0.0344971
0 0.393401 0.283874 0.0298928 0.0290939
0 0.337281 0.343932 0.0282008 0.0303408
0 0.538635 0.0284705 0.0315849 0.0253533
0 0.721094 0.103907 0.0445572 0.0141313
0 0.484208 0.0989194 0.0400451 0.0249377
0 0.787084 0.063591 0.0434292 0.0166251
0 0.156514 0.281172 0.0186125 0.0344971
0 0.233503 0.395262 0.0180485 0.0340815
0 0.231528 0.476101 0.0219966 0.0295096
0 0.0482234 0.404198 0.0231246 0.0303408
0 0.07304 0.474231 0.0242527 0.0332502
0 0.296954 0.590191 0.0276368 0.0274314
0 0.0877045 0.505819 0.0287648 0.0340815
0 0.335589 0.275977 0.0293288 0.0290939
0 0.0617597 0.443267 0.0242527 0.0328346
0 0.378173 0.237739 0.0377891 0.0199501
0 0.145234 0.452203 0.0197406 0.0374065
0 0.411168 0.125312 0.0282008 0.0320033
