0 0.380802 0.814827 0.035865 0.0250508
0 0.164909 0.359513 0.0203938 0.0250508
0 0.180731 0.796886 0.0253165 0.0250508
0 0.299578 0.911645 0.0309423 0.0250508
0 0.166667 0.535884 0.0225035 0.0257278
0 0.297468 0.383548 0.0436006 0.0203114
0 0.314698 0.381517 0.0372714 0.0176033
0 0.416667 0.306026 0.0400844 0.0209885
0 0.103376 0.643873 0.0323488 0.0203114
0 0.0692686 0.632024 0.0316456 0.0223426
0 0.129395 0.759309 0.0253165 0.0250508
0 0.485584 0.227657 0.0372714 0.0159106
0 0.554852 0.170447 0.0393812 0.0274204
0 0.464838 0.22258 0.0379747 0.02065
0 0.336146 0.364421 0.0421941 0.021327
0 0.613221 0.13981 0.0337553 0.0223426
0 0.146273 0.74543 0.021097 0.0304672
0 0.369902 0.975796 0.0337553 0.0220041
0 0.0924754 0.640149 0.033052 0.0250508
0 0.0935302 0.514895 0.0267229 0.0291131
0 0.136779 0.589709 0.035865 0.0257278
0 0.308017 0.307888 0.021097 0.0274204
0 0.143812 0.569567 0.0246132 0.0220041
0 0.158931 0.687373 0.021097 0.0280975
0 0.154008 0.352911 0.0253165 0.0314827
0 0.136779 0.393365 0.0246132 0.0311442
0 0.432489 0.755078 0.0323488 0.0260663
0 0.675106 0.363067 0.0576653 0.0138795
0 0.195148 0.787576 0.0302391 0.0280975
0 0.0770042 0.577691 0.0288326 0.0226811
0 0.553797 0.237136 0.0513361 0.0247123
0 0.270042 0.347495 0.0267229 0.0280975
0 0.552743 0.222749 0.0436006 0.0223426
0 0.470816 0.74306 0.0499297 0.0297901
0 0.0632911 0.618314 0.0365682 0.0233582
0 0.223629 0.480027 0.0253165 0.0291131
0 0.185302 0.771158 0.0232068 0.0250508
0 0.179325 0.335477 0.021097 0.0311442
0 0.0847398 0.615606 0.033052 0.0226811
0 0.159986 0.704976 0.0260197 0.0274204
0 0.383966 0.805349 0.0436006 0.0331754
0 0.587904 0.544516 0.068917 0.0118483
0 0.267581 0.631686 0.0386779 0.0291131
0 0.33263 0.253893 0.0267229 0.0297901
0 0.165963 0.75457 0.02391 0.0304672
0 0.158931 0.321598 0.02391 0.0331754
0 0.0787623 0.562119 0.0295359 0.0287745
0 0.138537 0.682803 0.02391 0.0311442
0 0.0903657 0.473087 0.0288326 0.0280975
0 0.144515 0.505078 0.0260197 0.0270819
0 0.559072 0.185003 0.04782 0.021327
0 0.399086 0.169431 0.0302391 0.0314827
0 0.351617 0.225118 0.021097 0.0304672
0 0.2282 0.390487 0.0302391 0.0294516
0 0.296414 0.86019 0.0274262 0.0311442
0 0.31294 0.271327 0.0225035 0.0294516
0 0.280942 0.438389 0.0316456 0.0311442
0 0.171589 0.721564 0.0281294 0.0321598
0 0.28692 0.333108 0.0196906 0.0331754
0 0.297468 0.395904 0.0407876 0.0240352
0 0.70007 0.0599188 0.0443038 0.0291131
0 0.167018 0.381855 0.0246132 0.0318213
0 0.197961 0.4609 0.0316456 0.0294516
0 0.153657 0.481212 0.0302391 0.0287745
0 0.543601 0.557041 0.0590717 0.0165877
0 0.466948 0.0900474 0.0309423 0.0324983
0 0.585091 0.150643 0.0393812 0.0264049
0 0.176864 0.515572 0.0246132 0.0291131
0 0.142053 0.609682 0.0267229 0.0297901
0 0.375527 0.192112 0.0295359 0.0301286
0 0.534107 0.710562 0.0541491 0.0196344
0 0.160338 0.417569 0.0267229 0.0321598
0 0.0886076 0.535206 0.0309423 0.0311442
0 0.515823 0.243737 0.0485232 0.0250508
0 0.154008 0.291131 0.0267229 0.0297901
0 0.142405 0.55044 0.0316456 0.0304672
0 0.718003 0.0326676 0.0492264 0.0294516
0 0.232771 0.452776 0.0421941 0.0233582
0 0.361463 0.598849 0.0604782 0.0257278
0 0.233122 0.643703 0.0344585 0.0287745
0 0.195148 0.308395 0.0260197 0.0318213
0 0.25 0.459885 0.0344585 0.0280975
0 0.228903 0.43568 0.0400844 0.0250508
0 0.418425 0.136933 0.02391 0.0328368
0 0.548875 0.155383 0.0400844 0.0297901
0 0.110759 0.580061 0.0260197 0.0314827
0 0.265823 0.423494 0.0421941 0.0243737
0 0.465893 0.262525 0.0457103 0.0253893
0 0.199367 0.494922 0.0288326 0.0291131
0 0.683544 0.154028 0.0534458 0.0250508
0 0.307665 0.625762 0.0583685 0.0240352
0 0.81083 0.0660122 0.0492264 0.0270819
0 0.443741 0.112898 0.0267229 0.0294516
0 0.623066 0.364083 0.0618847 0.0172647
0 0.371308 0.344956 0.0464135 0.0236967
0 0.0921238 0.491875 0.0281294 0.0264049
0 0.349508 0.828876 0.0351617 0.0341909
0 0.509142 0.730535 0.0436006 0.0264049
0 0.33052 0.292485 0.02391 0.0297901
0 0.414909 0.778436 0.0421941 0.0274204
0 0.646624 0.536053 0.0738397 0.0132024
0 0.895218 0.0861544 0.0618847 0.0179418
0 0.157876 0.455823 0.0274262 0.0294516
0 0.79571 0.118991 0.0583685 0.0192959
0 0.0766526 0.594448 0.0323488 0.0264049
0 0.603727 0.21327 0.0611814 0.0223426
0 0.525668 0.210731 0.0513361 0.021327
0 0.612518 0.177387 0.0632911 0.0182803
0 0.733122 0.358328 0.0654008 0.0132024
0 0.110408 0.736459 0.0421941 0.0274204
0 0.244726 0.369499 0.0323488 0.0314827
0 0.39557 0.326506 0.0527426 0.02065
0 0.429325 0.282837 0.0527426 0.0260663
0 0.73699 0.134225 0.0661041 0.0165877
0 0.42827 0.585139 0.0675105 0.0186188
0 0.590717 0.127454 0.0464135 0.0247123
0 0.531646 0.694144 0.0492264 0.0247123
0 0.33052 0.345295 0.0436006 0.0297901
0 0.114627 0.431957 0.0253165 0.0345295
0 0.694796 0.167231 0.0548523 0.0230196
0 0.137482 0.634394 0.0302391 0.0250508
0 0.847398 0.103081 0.0661041 0.0159106
0 0.333685 0.425863 0.0443038 0.0304672
0 0.155415 0.26371 0.0267229 0.0331754
0 0.765823 0.0780298 0.04782 0.0294516
0 0.475035 0.202268 0.0428973 0.0260663
0 0.517229 0.182464 0.0457103 0.0291131
0 0.216245 0.283006 0.0260197 0.0324983
0 0.592475 0.675017 0.059775 0.0264049
0 0.73699 0.147258 0.0534458 0.0216655
0 0.457103 0.287745 0.0548523 0.0230196
0 0.221167 0.414015 0.0288326 0.0304672
0 0.745429 0.618653 0.0661041 0.0226811
0 0.498242 0.265911 0.056962 0.0199729
0 0.862869 0.0472241 0.0632911 0.0260663
0 0.662096 0.0792146 0.0541491 0.0243737
0 0.234529 0.665708 0.0471167 0.0233582
0 0.663502 0.118991 0.0457103 0.0287745
0 0.478551 0.569567 0.0696203 0.0132024
0 0.71097 0.0990183 0.04782 0.0274204
0 0.443038 0.239506 0.0506329 0.0253893
0 0.635021 0.101219 0.04782 0.0264049
0 0.405415 0.402844 0.0555556 0.0209885
0 0.271449 0.869499 0.0365682 0.0328368
0 0.656821 0.190251 0.0576653 0.0209885
0 0.561181 0.377454 0.0604782 0.0196344
0 0.934951 0.0678741 0.059775 0.021327
0 0.707454 0.639133 0.0731364 0.0196344
0 0.377286 0.30738 0.0485232 0.0304672
0 0.644515 0.651997 0.0611814 0.0264049
0 0.4891 0.386764 0.0668073 0.0220041
