0 0.610052 0.510211 0.0277296 0.0227653
0 0.128683 0.203716 0.0459272 0.0264479
0 0.659879 0.547707 0.0407279 0.0174088
0 0.595321 0.528457 0.034662 0.0204218
0 0.511265 0.68229 0.0606586 0.0187479
0 0.415945 0.70472 0.034662 0.0220957
0 0.256932 0.291262 0.0303293 0.0227653
0 0.426343 0.616505 0.0485269 0.0210914
0 0.318891 0.187646 0.0242634 0.0271175
0 0.255199 0.80934 0.0216638 0.0311349
0 0.633016 0.558587 0.0580589 0.017074
0 0.532496 0.680449 0.0667244 0.0177436
0 0.691075 0.531302 0.0563258 0.0194175
0 0.183709 0.521594 0.0242634 0.0274523
0 0.436742 0.390693 0.0415945 0.0214262
0 0.14688 0.400904 0.0355286 0.0304653
0 0.561092 0.667225 0.0563258 0.0187479
0 0.17721 0.458989 0.0303293 0.0267827
0 0.409445 0.392869 0.0459272 0.0284566
0 0.261265 0.247071 0.0268631 0.0267827
0 0.335355 0.439906 0.0242634 0.0281219
0 0.457106 0.685136 0.0476603 0.0210914
0 0.521664 0.631235 0.0571924 0.0130566
0 0.5013 0.338299 0.0511265 0.0264479
0 0.172444 0.399397 0.0207972 0.0301306
0 0.250867 0.169233 0.0233969 0.0297958
0 0.636482 0.54302 0.0563258 0.0227653
0 0.439341 0.636759 0.034662 0.0267827
0 0.2487 0.210914 0.0225303 0.0308001
0 0.0987868 0.326749 0.0381282 0.0267827
0 0.602686 0.275025 0.0476603 0.0210914
0 0.32799 0.62772 0.0441941 0.024774
0 0.384749 0.430198 0.0450607 0.0281219
0 0.34662 0.113157 0.0225303 0.0308001
0 0.259532 0.276866 0.02513 0.0281219
0 0.313691 0.163207 0.0294627 0.0257784
0 0.421577 0.36843 0.0320624 0.0277871
0 0.266898 0.116505 0.0311958 0.0308001
0 0.279463 0.754268 0.0233969 0.0281219
0 0.552426 0.620355 0.059792 0.0127218
0 0.127383 0.377134 0.0329289 0.0224305
0 0.385182 0.311517 0.0407279 0.0264479
0 0.551127 0.581353 0.0641248 0.017074
0 0.245667 0.187981 0.0216638 0.0244392
0 0.365251 0.0898895 0.02513 0.0291262
0 0.181976 0.480917 0.0294627 0.0297958
0 0.178076 0.437228 0.0285962 0.0281219
0 0.0818891 0.306327 0.042461 0.0274523
0 0.692374 0.54302 0.0537262 0.0174088
0 0.436742 0.55072 0.0415945 0.0281219
0 0.245234 0.261132 0.0242634 0.0308001
0 0.262565 0.778875 0.0207972 0.0304653
0 0.418544 0.289923 0.0225303 0.0287914
0 0.330156 0.361399 0.0294627 0.0304653
0 0.261698 0.31068 0.0259965 0.0308001
0 0.308492 0.478909 0.0329289 0.0251088
0 0.321924 0.225979 0.0303293 0.029461
0 0.816724 0.497657 0.0649913 0.0204218
0 0.531196 0.219618 0.0519931 0.0274523
0 0.685442 0.639772 0.0658579 0.0187479
0 0.29896 0.72849 0.0363951 0.029461
0 0.281629 0.403582 0.0225303 0.0297958
0 0.853553 0.542183 0.0606586 0.0197523
0 0.300693 0.382156 0.0277296 0.0304653
0 0.314558 0.456645 0.0277296 0.024774
0 0.612652 0.257282 0.0519931 0.0244392
0 0.32799 0.20221 0.0303293 0.0274523
0 0.362218 0.597757 0.0450607 0.0297958
0 0.283796 0.227821 0.0320624 0.0304653
0 0.294627 0.517744 0.034662 0.0257784
0 0.367418 0.063609 0.0381282 0.0274523
0 0.407712 0.646133 0.0389948 0.0234349
0 0.480069 0.601942 0.0485269 0.020087
0 0.441508 0.269501 0.0355286 0.034148
0 0.383882 0.721125 0.0450607 0.020087
0 0.683709 0.576163 0.0623917 0.0227653
0 0.259532 0.0927352 0.0303293 0.0308001
0 0.307192 0.497991 0.0407279 0.0257784
0 0.545061 0.315032 0.0467938 0.024774
0 0.483969 0.5308 0.0476603 0.0264479
0 0.260832 0.143455 0.0259965 0.0331436
0 0.27643 0.170405 0.0277296 0.0321393
0 0.191508 0.55005 0.0259965 0.029461
0 0.349653 0.147807 0.02513 0.0311349
0 0.410745 0.41011 0.0450607 0.020087
0 0.278596 0.649314 0.0407279 0.0304653
0 0.734835 0.623368 0.0745234 0.0180783
0 0.45234 0.354536 0.0363951 0.0308001
0 0.484835 0.239705 0.0441941 0.0281219
0 0.561958 0.296117 0.059792 0.0237697
0 0.577556 0.196518 0.059792 0.0234349
0 0.318024 0.137429 0.0294627 0.0338132
0 0.267331 0.529963 0.0337955 0.0281219
0 0.416811 0.577335 0.0485269 0.0244392
0 0.874783 0.480415 0.0701906 0.0147305
0 0.616984 0.17392 0.0450607 0.0257784
0 0.563258 0.601942 0.0623917 0.0220957
0 0.79636 0.606796 0.067591 0.0210914
0 0.764298 0.517241 0.0658579 0.0187479
0 0.500867 0.582022 0.0606586 0.0244392
0 0.0740901 0.286408 0.042461 0.0318045
0 0.40338 0.322732 0.0493934 0.0254436
0 0.279463 0.204553 0.0303293 0.0301306
0 0.37825 0.666053 0.0580589 0.021761
0 0.380849 0.344158 0.0545927 0.024774
0 0.479636 0.36073 0.0459272 0.0271175
0 0.912912 0.465685 0.0667244 0.0187479
0 0.318024 0.254268 0.0225303 0.0291262
0 0.475737 0.698527 0.0814558 0.017074
0 0.62825 0.591563 0.067591 0.0234349
0 0.268198 0.0490459 0.0320624 0.0311349
0 0.264298 0.0693003 0.0363951 0.0301306
0 0.110485 0.353365 0.0337955 0.0291262
0 0.799393 0.552394 0.0667244 0.020087
0 0.391681 0.037998 0.0329289 0.0344828
0 0.646447 0.14764 0.0554593 0.0261132
0 0.47227 0.641781 0.0485269 0.0267827
0 0.739168 0.563274 0.0589255 0.0204218
0 0.626083 0.659859 0.0736568 0.0194175
