0 0.4431 0.976576 0.0215827 0.012401
0 0.329627 0.548054 0.0222368 0.0248019
0 0.683453 0.266793 0.0313931 0.0196349
0 0.589601 0.333965 0.0385873 0.0272132
0 0.484303 0.88908 0.0215827 0.0186014
0 0.649771 0.600758 0.030739 0.023424
0 0.625899 0.613676 0.028777 0.0251464
0 0.530739 0.707027 0.029431 0.0223906
0 0.581753 0.201688 0.0163506 0.0265243
0 0.56671 0.258353 0.0255069 0.023424
0 0.630477 0.336204 0.0248528 0.0275577
0 0.465337 0.834309 0.028123 0.0282466
0 0.604644 0.194454 0.0255069 0.0285911
0 0.648463 0.278849 0.0333551 0.0265243
0 0.483976 0.515501 0.0340092 0.0265243
0 0.637345 0.824147 0.0372793 0.0217017
0 0.619359 0.798657 0.0418574 0.0244575
0 0.469588 0.539097 0.0313931 0.0248019
0 0.367887 0.49845 0.0163506 0.0282466
0 0.510791 0.875646 0.0418574 0.0172236
0 0.327011 0.6433 0.0248528 0.0251464
0 0.366906 0.743713 0.0353172 0.0275577
0 0.384238 0.379263 0.0189666 0.0261798
0 0.604971 0.338443 0.0418574 0.0244575
0 0.538587 0.386669 0.0268149 0.0203238
0 0.685088 0.275405 0.0320471 0.0189459
0 0.365271 0.388908 0.0241988 0.0268688
0 0.653695 0.289356 0.0372793 0.0227351
0 0.525507 0.310541 0.0189666 0.0285911
0 0.548071 0.284189 0.0183126 0.0213572
0 0.637345 0.726318 0.0359712 0.0265243
0 0.242315 0.57475 0.0320471 0.0265243
0 0.630804 0.312952 0.0372793 0.0237685
0 0.385873 0.41681 0.0222368 0.0289356
0 0.350556 0.321219 0.0248528 0.029969
0 0.665795 0.291939 0.0366252 0.0210127
0 0.568018 0.270582 0.0215827 0.0210127
0 0.588293 0.746125 0.0425114 0.0296245
0 0.877371 0.744919 0.0490517 0.0203238
0 0.374428 0.332415 0.0189666 0.0268688
0 0.381295 0.604547 0.0196207 0.0289356
0 0.356769 0.727351 0.0412034 0.018257
0 0.627861 0.622632 0.0313931 0.0223906
0 0.346632 0.489321 0.0261609 0.0258353
0 0.24722 0.561316 0.0327011 0.0223906
0 0.76259 0.507751 0.0444735 0.0220462
0 0.45847 0.430934 0.0170046 0.0282466
0 0.607587 0.844471 0.0470896 0.0189459
0 0.315239 0.373407 0.0196207 0.0275577
0 0.825703 0.180158 0.0385873 0.0227351
0 0.618705 0.153117 0.0222368 0.0285911
0 0.672008 0.682053 0.0359712 0.0254909
0 0.345324 0.708061 0.030085 0.0258353
0 0.510137 0.336721 0.0170046 0.029969
0 0.214192 0.538236 0.0359712 0.0265243
0 0.317201 0.541509 0.0313931 0.0282466
0 0.467953 0.41681 0.0176586 0.0248019
0 0.31295 0.323114 0.0176586 0.0303135
0 0.3862 0.354461 0.0215827 0.023424
0 0.418901 0.481915 0.0189666 0.0289356
0 0.589601 0.860145 0.0490517 0.0172236
0 0.390124 0.622632 0.0202747 0.0217017
0 0.260955 0.644161 0.0379333 0.0248019
0 0.293002 0.467964 0.0235448 0.0244575
0 0.563113 0.236996 0.0209287 0.0289356
0 0.702093 0.55391 0.0359712 0.024113
0 0.319163 0.416121 0.0183126 0.024113
0 0.544801 0.420599 0.028777 0.0289356
0 0.693264 0.401653 0.0418574 0.0213572
0 0.30968 0.20496 0.0215827 0.0275577
0 0.267822 0.460903 0.0320471 0.0282466
0 0.518967 0.784705 0.0333551 0.0296245
0 0.340746 0.467275 0.0248528 0.0258353
0 0.444408 0.535653 0.0255069 0.0289356
0 0.555592 0.774716 0.029431 0.0289356
0 0.433944 0.585601 0.0268149 0.0275577
0 0.662852 0.0656218 0.0189666 0.029969
0 0.379987 0.525491 0.0209287 0.0272132
0 0.347613 0.692904 0.030739 0.0272132
0 0.524526 0.447985 0.0327011 0.0265243
0 0.848594 0.156562 0.030739 0.0258353
0 0.626553 0.167757 0.0274689 0.0275577
0 0.532374 0.379091 0.0274689 0.0237685
0 0.518967 0.722701 0.030739 0.0220462
0 0.292675 0.488632 0.030739 0.0265243
0 0.324722 0.40372 0.0189666 0.0275577
0 0.312623 0.347571 0.0170046 0.0289356
0 0.367233 0.686703 0.028123 0.029969
0 0.328646 0.440234 0.0228908 0.0296245
0 0.643231 0.708922 0.0346632 0.0296245
0 0.631785 0.429039 0.0405494 0.0203238
0 0.355461 0.294523 0.028123 0.0303135
0 0.675605 0.575439 0.0340092 0.0272132
0 0.659581 0.420083 0.0333551 0.0203238
0 0.646828 0.0950741 0.0366252 0.0289356
0 0.087639 0.435584 0.0366252 0.0265243
0 0.319163 0.695315 0.0274689 0.0279022
0 0.584042 0.391319 0.0340092 0.023424
0 0.305428 0.515157 0.030085 0.0272132
0 0.517005 0.854633 0.0359712 0.0282466
0 0.527142 0.796073 0.0366252 0.0248019
0 0.32276 0.23424 0.0255069 0.0261798
0 0.608241 0.364106 0.0353172 0.0248019
0 0.545128 0.839993 0.0333551 0.0265243
0 0.433617 0.605925 0.0261609 0.0303135
0 0.473185 0.39063 0.0176586 0.0296245
0 0.507848 0.486738 0.0346632 0.0282466
0 0.816874 0.174819 0.0444735 0.0230796
0 0.674297 0.0384085 0.0183126 0.0320358
0 0.389143 0.642267 0.0261609 0.0265243
0 0.213865 0.384085 0.0261609 0.0282466
0 0.653695 0.316741 0.0333551 0.0285911
0 0.535971 0.694971 0.0320471 0.0258353
0 0.943754 0.29969 0.0444735 0.0227351
0 0.594506 0.170858 0.0235448 0.0303135
0 0.201766 0.360489 0.0241988 0.0251464
0 0.850229 0.759731 0.0457816 0.0189459
0 0.338129 0.263176 0.0340092 0.0296245
0 0.55036 0.875646 0.0516678 0.0172236
0 0.643231 0.126765 0.029431 0.0303135
0 0.346632 0.594557 0.0340092 0.0275577
0 0.794964 0.486393 0.0398954 0.023424
0 0.514061 0.505167 0.030085 0.0258353
0 0.908437 0.315019 0.0457816 0.0223906
0 0.72433 0.380985 0.0425114 0.024113
0 0.666122 0.251981 0.0385873 0.0272132
0 0.697842 0.811402 0.0457816 0.0237685
0 0.527796 0.462108 0.0366252 0.0272132
0 0.792348 0.197038 0.0412034 0.0261798
0 0.734794 0.530486 0.0372793 0.0275577
0 0.568672 0.64175 0.0320471 0.0289356
0 0.641269 0.590596 0.0398954 0.0244575
0 0.227927 0.624182 0.0398954 0.0248019
0 0.69915 0.759042 0.0483976 0.0203238
0 0.754088 0.218567 0.0444735 0.0258353
0 0.329627 0.570617 0.0274689 0.0272132
0 0.154349 0.494833 0.0353172 0.0265243
0 0.673643 0.809335 0.0431655 0.0265243
0 0.548725 0.670169 0.0340092 0.0265243
0 0.719097 0.251981 0.0451275 0.0279022
0 0.739372 0.633655 0.029431 0.0265243
0 0.704709 0.660868 0.0346632 0.0265243
0 0.863309 0.330692 0.0457816 0.0213572
0 0.113473 0.465553 0.0372793 0.0265243
0 0.704382 0.23114 0.0366252 0.0323803
0 0.600719 0.642439 0.0372793 0.023424
0 0.656311 0.404926 0.0372793 0.0265243
0 0.274689 0.58319 0.0248528 0.0268688
0 0.251799 0.433173 0.0340092 0.0279022
0 0.288751 0.626938 0.030739 0.023424
0 0.315566 0.178436 0.028123 0.0316914
0 0.63898 0.844471 0.0523218 0.0203238
0 0.738718 0.389597 0.0477436 0.0220462
0 0.817528 0.347744 0.0470896 0.0230796
0 0.375736 0.552015 0.0202747 0.0306579
0 0.351537 0.3567 0.030739 0.0313469
0 0.495095 0.745608 0.0340092 0.0272132
0 0.54709 0.470375 0.0359712 0.0272132
0 0.788424 0.774888 0.0516678 0.0203238
0 0.341727 0.660696 0.0215827 0.0289356
0 0.41138 0.445229 0.0261609 0.0327248
0 0.737737 0.736824 0.0510137 0.0227351
0 0.238391 0.407682 0.0372793 0.0265243
0 0.822433 0.464003 0.0398954 0.023424
0 0.32603 0.621426 0.0320471 0.0289356
0 0.266187 0.603514 0.0313931 0.0275577
0 0.568672 0.817258 0.0503597 0.0251464
0 0.268476 0.661213 0.0333551 0.0258353
0 0.181164 0.52308 0.0392413 0.0258353
0 0.772727 0.36669 0.0490517 0.0244575
0 0.590255 0.451602 0.0438195 0.023424
0 0.748528 0.794867 0.058208 0.0210127
0 0.879987 0.140372 0.0385873 0.0258353
0 0.276324 0.505512 0.0346632 0.0279022
0 0.0533028 0.41216 0.0425114 0.0285911
0 0.158927 0.576128 0.0366252 0.0251464
0 0.146174 0.55391 0.0385873 0.0268688
0 0.771419 0.616087 0.0372793 0.0265243
0 0.660562 0.778161 0.0483976 0.024113
0 0.202747 0.596452 0.0392413 0.0272132
0 0.296926 0.678092 0.028777 0.0265243
0 0.383911 0.655873 0.028777 0.0220462
