0 0.727664 0.497501 0.0456651 0.0204082
0 0.442422 0.473761 0.0363997 0.03207
0 0.553938 0.248438 0.0330907 0.027905
0 0.244209 0.741358 0.021178 0.0349854
0 0.574785 0.420033 0.0297816 0.028738
0 0.365983 0.721991 0.0264725 0.028738
0 0.7591 0.362974 0.0608868 0.00957934
0 0.2409 0.730529 0.0158835 0.0416493
0 0.39775 0.67222 0.0529451 0.0399833
0 0.524818 0.236776 0.0489742 0.0270721
0 0.403706 0.5606 0.0489742 0.0233236
0 0.492389 0.223657 0.0436797 0.0366514
0 0.133355 0.446272 0.0403706 0.0445648
0 0.395764 0.311953 0.031767 0.0449813
0 0.333223 0.744898 0.0363997 0.0345689
0 0.425877 0.29217 0.0350761 0.0337359
0 0.506949 0.255102 0.0357379 0.0254061
0 0.284249 0.781549 0.0244871 0.0412328
0 0.180675 0.548105 0.0277962 0.0391504
0 0.239246 0.715119 0.0152217 0.0374844
0 0.563534 0.196585 0.0469887 0.0283215
0 0.884183 0.0437318 0.0489742 0.0266556
0 0.184315 0.5606 0.028458 0.0349854
0 0.534745 0.509996 0.0608868 0.0195752
0 0.589676 0.178884 0.0397088 0.0270721
0 0.844474 0.0601833 0.0635341 0.027905
0 0.760093 0.359017 0.0615486 0.0124948
0 0.792852 0.463557 0.0622105 0.0124948
0 0.095632 0.375885 0.028458 0.0379009
0 0.167108 0.502082 0.0363997 0.0462307
0 0.820979 0.358809 0.0628723 0.0129113
0 0.364659 0.45606 0.031767 0.0383174
0 0.465255 0.629738 0.0555923 0.0333195
0 0.688617 0.128905 0.0575778 0.029571
0 0.265387 0.80404 0.0172071 0.0387339
0 0.391463 0.349854 0.0403706 0.0399833
0 0.797154 0.12474 0.0681668 0.0245731
0 0.832892 0.449604 0.0668432 0.0187422
0 0.674388 0.120158 0.0542687 0.030404
0 0.421575 0.266556 0.0344143 0.0424823
0 0.684977 0.482299 0.0608868 0.0149938
0 0.427862 0.424198 0.0350761 0.0362349
0 0.787227 0.0820491 0.0536069 0.0341524
0 0.223693 0.614952 0.0225017 0.0462307
0 0.338187 0.717618 0.0330907 0.0424823
0 0.621774 0.371304 0.0655195 0.0195752
0 0.742224 0.473553 0.0655195 0.0149938
0 0.282925 0.514369 0.0244871 0.0466472
0 0.695566 0.159933 0.0661813 0.0249896
0 0.548643 0.181591 0.0423561 0.0299875
0 0.438782 0.540608 0.056916 0.0208247
0 0.757776 0.146189 0.0608868 0.0224906
0 0.225017 0.761974 0.021178 0.0428988
0 0.61317 0.496876 0.0668432 0.0158267
0 0.471873 0.518742 0.056916 0.0270721
0 0.550629 0.380466 0.0595632 0.0262391
0 0.539709 0.218659 0.0615486 0.0241566
0 0.633686 0.180342 0.0615486 0.0241566
0 0.391794 0.434819 0.0357379 0.0424823
0 0.693911 0.362766 0.0694904 0.0208247
0 0.267042 0.556227 0.0191926 0.0420658
0 0.366314 0.578301 0.0483124 0.031237
0 0.625414 0.143482 0.0542687 0.032903
0 0.920913 0.0379009 0.0641959 0.0324865
0 0.222038 0.661391 0.0297816 0.0416493
0 0.64593 0.534985 0.0661813 0.031237
0 0.243547 0.634527 0.0225017 0.0428988
0 0.735936 0.100583 0.0582396 0.03207
0 0.337194 0.475843 0.0324289 0.0354019
0 0.59497 0.563307 0.0648577 0.028738
0 0.117141 0.407122 0.0489742 0.0420658
0 0.480476 0.392337 0.0489742 0.0358184
0 0.470218 0.271554 0.049636 0.0349854
0 0.546658 0.590796 0.0635341 0.030404
0 0.0658504 0.348813 0.0416942 0.0445648
0 0.841496 0.12703 0.0681668 0.0208247
