0 0.315574 0.471925 0.057377 0.0171453
0 0.33265 0.577368 0.0560109 0.0205744
0 0.0430328 0.420274 0.0532787 0.033862
0 0.306694 0.183026 0.0396175 0.0274325
0 0.112705 0.577154 0.0314208 0.0218603
0 0.284836 0.451565 0.034153 0.0261466
0 0.034153 0.451136 0.0382514 0.0321474
0 0.414617 0.432705 0.0614754 0.021003
0 0.28347 0.623446 0.0478142 0.0201457
0 0.330601 0.406987 0.0464481 0.0244321
0 0.334699 0.361766 0.057377 0.0180026
0 0.237705 0.627304 0.0327869 0.0218603
0 0.312842 0.464423 0.0546448 0.0235748
0 0.39071 0.283969 0.0519126 0.0218603
0 0.262978 0.462066 0.0314208 0.0248607
0 0.234973 0.47814 0.0327869 0.0270039
0 0.257514 0.653236 0.0587432 0.025718
0 0.385929 0.324689 0.0478142 0.0192885
0 0.266393 0.357265 0.0273224 0.0287184
0 0.128415 0.523575 0.0409836 0.0295757
0 0.28347 0.22096 0.0314208 0.0235748
0 0.476776 0.392842 0.0655738 0.0244321
0 0.146858 0.52336 0.0314208 0.029147
0 0.510246 0.146592 0.0532787 0.0265752
0 0.370219 0.370339 0.0355191 0.0222889
0 0.512295 0.342049 0.0464481 0.0248607
0 0.157787 0.475782 0.0286885 0.0274325
0 0.545765 0.325547 0.0560109 0.0201457
0 0.268443 0.247107 0.0259563 0.0235748
0 0.290984 0.106301 0.0382514 0.0231462
0 0.52459 0.382555 0.0628415 0.0175739
0 0.297814 0.484355 0.0601093 0.0197171
0 0.494536 0.327475 0.0464481 0.0231462
0 0.564208 0.244321 0.0655738 0.0222889
0 0.709016 0.270682 0.0546448 0.021003
0 0.454235 0.335619 0.0587432 0.0205744
0 0.280055 0.234248 0.0327869 0.0278611
0 0.458333 0.185598 0.0478142 0.0248607
0 0.131148 0.440206 0.0409836 0.0274325
0 0.40847 0.423489 0.0519126 0.025718
0 0.105874 0.609516 0.0396175 0.0274325
0 0.344945 0.414059 0.0478142 0.0282898
0 0.315574 0.174453 0.0437158 0.0325761
0 0.467213 0.354908 0.0464481 0.0248607
0 0.29235 0.0690099 0.0382514 0.029147
0 0.146858 0.548007 0.0396175 0.0287184
0 0.310792 0.380197 0.0696721 0.0222889
0 0.698087 0.0964423 0.068306 0.0197171
0 0.334016 0.322117 0.0423497 0.0261466
0 0.312158 0.63159 0.0614754 0.0235748
0 0.387295 0.2994 0.0560109 0.0252893
0 0.416667 0.558294 0.0628415 0.021003
0 0.213798 0.646164 0.0614754 0.0244321
0 0.119536 0.494213 0.0368852 0.029147
0 0.500683 0.165667 0.0505464 0.0270039
0 0.33265 0.388984 0.0669399 0.0218603
0 0.420082 0.199529 0.0505464 0.0261466
0 0.124317 0.563223 0.0355191 0.0325761
0 0.295082 0.612945 0.0601093 0.0205744
0 0.638661 0.126447 0.0724044 0.0180026
0 0.296448 0.409987 0.0546448 0.0218603
0 0.119536 0.58937 0.0423497 0.029147
0 0.148907 0.500429 0.0355191 0.0287184
0 0.367486 0.563438 0.0519126 0.0312902
0 0.60041 0.22739 0.0669399 0.0218603
0 0.130464 0.418774 0.0368852 0.0214316
0 0.397541 0.356408 0.0355191 0.0278611
0 0.175546 0.733605 0.045082 0.0330047
0 0.327869 0.588727 0.0546448 0.0244321
0 0.333333 0.266824 0.057377 0.021003
0 0.30123 0.420274 0.0560109 0.021003
0 0.525956 0.175096 0.0601093 0.0201457
0 0.162568 0.450922 0.0382514 0.0274325
0 0.347678 0.432276 0.0642077 0.0227175
0 0.346995 0.336048 0.0437158 0.0248607
0 0.55123 0.310973 0.0696721 0.0244321
0 0.502732 0.190527 0.0464481 0.0261466
0 0.668716 0.328333 0.0833333 0.0188598
0 0.38388 0.394128 0.0382514 0.0270039
0 0.347678 0.348264 0.0587432 0.021003
0 0.594262 0.140163 0.0765027 0.0205744
0 0.256831 0.609301 0.0409836 0.0295757
0 0.359973 0.24925 0.0560109 0.0227175
0 0.235656 0.67231 0.0560109 0.0295757
0 0.127732 0.466352 0.0368852 0.0274325
0 0.422814 0.596442 0.0778688 0.0244321
0 0.60041 0.544578 0.0833333 0.0167167
0 0.297131 0.342692 0.0396175 0.0252893
0 0.431694 0.352336 0.0519126 0.0265752
0 0.738388 0.444492 0.0806011 0.0188598
0 0.293033 0.126232 0.0368852 0.0304329
0 0.531421 0.366695 0.0765027 0.0244321
0 0.125 0.618088 0.0478142 0.025718
0 0.293033 0.0859408 0.0423497 0.0270039
0 0.668033 0.28054 0.0628415 0.0252893
0 0.288251 0.203601 0.0409836 0.0274325
0 0.625 0.345049 0.0724044 0.0205744
0 0.296448 0.0484355 0.0382514 0.0334333
0 0.380464 0.45135 0.0778688 0.0171453
0 0.659153 0.216888 0.0806011 0.0180026
0 0.603142 0.295971 0.0614754 0.0227175
0 0.346311 0.301114 0.0478142 0.0261466
0 0.660519 0.530647 0.0860656 0.0180026
0 0.498634 0.259537 0.068306 0.0227175
0 0.422131 0.261252 0.0491803 0.0261466
0 0.467896 0.410416 0.0751366 0.0278611
0 0.458333 0.279254 0.0724044 0.0201457
0 0.64071 0.475139 0.0737705 0.0218603
0 0.803279 0.428847 0.0846995 0.0227175
0 0.418716 0.307758 0.0669399 0.0214316
0 0.256831 0.432919 0.0519126 0.0274325
0 0.373634 0.230819 0.0505464 0.0252893
0 0.663934 0.10973 0.068306 0.0231462
0 0.342896 0.610587 0.0737705 0.0252893
0 0.269126 0.26661 0.0409836 0.0265752
0 0.426913 0.217102 0.0560109 0.021003
0 0.42623 0.375697 0.0519126 0.0270039
0 0.459016 0.237034 0.057377 0.025718
0 0.287568 0.155594 0.0286885 0.0317188
0 0.476093 0.575011 0.0806011 0.021003
0 0.503415 0.511787 0.0696721 0.029147
0 0.122268 0.397557 0.0478142 0.0287184
0 0.557377 0.159237 0.079235 0.021003
0 0.424863 0.547364 0.068306 0.0171453
0 0.746585 0.290399 0.0724044 0.0235748
0 0.56694 0.488213 0.0737705 0.0248607
0 0.588115 0.361766 0.0833333 0.0197171
0 0.762295 0.260609 0.0737705 0.0248607
0 0.44877 0.528504 0.0642077 0.0231462
0 0.663934 0.314616 0.0765027 0.0214316
0 0.709016 0.462066 0.0765027 0.0205744
0 0.730874 0.306472 0.068306 0.0222889
0 0.545765 0.558508 0.0860656 0.0171453
0 0.476776 0.21303 0.0601093 0.0248607
0 0.712432 0.516074 0.0969945 0.0171453
0 0.168716 0.426704 0.0368852 0.0304329
0 0.691257 0.201243 0.0819672 0.021003
